0.31213413054776573
0.39524902989807953
0.4535438620175169
0.5217425391254746
0.5576690166476235
0.6063980635859998
0.6661801423964235
0.7342102027550825
0.8005687547201082
0.8471512620224882
0.9017052500022844
0.9746116800275288
1.0364060077336295
1.0870629819251294
1.1310291705857927
1.1795780652058343
1.2212685525778075
1.2526449382585891
1.289047269604081
1.3414018907493939
1.4101470037653514
1.4600551591004984
1.5206996286614007
1.57662378662369
1.640035426378933
1.6852900632386827
1.7640230362949187
1.823426816358981
1.8510135740425993
1.8873802764350962
1.9307966873184557
2.0025845893898166
2.0275792027743993
2.0682404347197654
2.1364005741155716
2.211374426185524
2.2568626342857985
2.297756131639953
2.3731331173390724
2.4225864435143247
2.48416419051763
2.5446727850881827
2.599380658099014
2.647539732962934
2.714653665048019
2.7735983649870746
2.836289625109291
2.9166164713498737
2.977816518235118
3.0876369839071036
3.14703993919978
3.197443058802094
3.2613704373259607
3.3487942338960286
3.4207031972732236
3.465135144368972
3.5291068120927758
3.5910646732769234
3.6328120110478395
3.6892272511618858
3.780436308566535
3.848590179606228
3.897133718968158
3.9597824491737756
4.054135728366297
4.134300146357601
4.222080001482902
4.313578235485665
4.364218081171646
4.422544768647518
4.46055493524051
4.561873474426953
4.612382379157075
4.653920876949869
4.683283324105031
4.741742966375822
4.802240779188106
4.843128245825659
4.973277619645441
5.046440182185253
5.117649063467696
5.182567490255933
5.286721421378658
5.37317612067804
5.4889261566536796
5.631785205530413
5.74091832078474
5.854620142169149
5.945044440347056
6.099083782310357
6.265444012090195
6.4975307904744986
6.744535719892571
6.967225248219383
7.198166228153439