2.1571610394219505
3.106379081824983
4.31508513820992
6.084189161260566
7.732055208675096
9.425864204411146
11.30901851400033
13.957915952963775
16.536082357983116
19.48418275807335
22.788502797463494
26.135584917885446
31.578352569442362
36.042877767320384
41.54164301035769
45.828192534726945
49.41116462652948
54.16382464339083
58.86409193217881
63.35896128409928
68.92060516275228
74.3569900883569
81.61917326063774
87.39794587832138
95.38500294988731
103.0480711852485
113.35625551331518
121.19627753256296
129.68703893508408
137.08425477694374
145.111120903086
154.0035016152229
163.627723750439
173.6165994339253
184.64453333296936
194.69157859291187
208.20476660970093
224.04398237343938
235.88440919176912
249.81109106232654
261.4227395904956
274.6367806230624
284.1069492972672
294.9174433362664
307.250176266833
320.4939843331697
331.07113935074443
339.39293115649883
348.3730563889089
361.41479343131493
371.98874774346325
381.8905109897337
389.6198187258959
402.048614769097
412.83292324982955
425.20491798631645
443.18212801398
458.3696258149637
472.2587776841738
480.33286373513926
487.11685560833325
493.9815629087279
500.3961228776659
521.2691465250938
536.701325669129
547.1735656617559
553.9446038720845
564.7931307476653
571.3418372008126
577.5478240803952
588.4212891268895
595.2280865004611
609.6715065926892
616.051985631083
624.8560069165933
636.9114237378302
647.5189339160283
657.2267803945222
673.0579255515449
679.2942453294821
690.7238850358369
696.9942818257198
703.9202062620446
708.0988053892974
712.4971653331329
721.3300935353725
735.9262908999439
756.6248549563711
767.7830700593429
788.6938889303002
809.5503213358635
832.4238427206114
858.0414613939122
899.2842397928194
937.7390435743541