0.30179027750643406
0.3810161906956732
0.41822092127882554
0.480550826709008
0.5483778798813305
0.6317539262565274
0.6850795737119656
0.749031259441888
0.8404309750987013
0.9259949857061461
1.0033802661160078
1.0803549839801563
1.2173859771868338
1.3314271964562
1.4464820472826914
1.538013495868796
1.6087717495121867
1.722522533889695
1.824120516353698
1.9287421350227938
2.039889764920529
2.135405691554138
2.265220966496499
2.3750482276052853
2.512900656676793
2.6520875253269445
2.8320726609446196
2.954744345209235
3.1013400474310835
3.232441787686127
3.360291142814059
3.484505788473264
3.6099919282164663
3.761085267215744
3.921745820430411
4.073209656329841
4.275761036326927
4.526106032888284
4.702384743452734
4.910058355238762
5.076237470320372
5.256627208621746
5.369400111087561
5.498605731701026
5.646262344048959
5.830844303733148
5.984855802115288
6.083639160271208
6.1943748104346925
6.366173401521162
6.502708907867445
6.60585142953801
6.683806436955267
6.853550144428882
6.975668594318038
7.142802880112227
7.371007708866317
7.554499029002361
7.705763077561319
7.789025950586676
7.861061897267619
7.937800497065374
7.990386798933092
8.262798616388253
8.438158278224655
8.575591805900517
8.62635730380471
8.760253872555644
8.827794804570816
8.900624245733766
9.007111487035406
9.062333740133452
9.228561377503624
9.27850776592708
9.349388900206526
9.475689632139247
9.54594951172724
9.629363879826986
9.788809310754065
9.835626569841972
9.90640739656401
9.942632293984731
9.965739563421133
9.959086482071099
9.98361089576629
10.013341366669174
10.118373486538111
10.306843930525671
10.375710439435377
10.525704004424812
10.667516611562197
10.813256446837752
11.001494002416027
11.358249466134657
11.64321929225649