2.2994477054284106
3.166108652589161
4.43383127216179
6.046919132913912
7.580178098171559
9.512725358697173
11.476368317111358
13.851127887287744
15.657985949667996
17.45749051267105
19.816694350975975
22.977839324009402
25.675776478034837
28.35926259619603
30.71406172667495
33.787507143913416
35.43340858215586
36.96378464118638
39.51756697976242
42.11051857909132
45.80534296072884
49.353145773597845
53.601686351737136
57.346202141030965
61.65095908418595
64.91087508268541
69.24048457369426
73.0261467626493
75.59237220778292
78.59336743008286
82.67354969849794
89.61690826931031
91.58941409901045
94.77839874016651
99.697981021433
106.21733037033084
110.10246665720068
114.13516357372075
120.49986076340495
125.07675806379851
130.10428603143717
134.25787963467926
139.1373726924222
143.33229768269277
149.84910253234753
155.6043036390703
161.54216635603214
168.0129872294104
175.19979841312593
187.61869236299447
193.80168328409852
198.82874608818514
205.15303243920107
213.7942651423326
220.52059852766686
226.0785735093002
232.26843172286596
238.28456852626854
243.0580629376447
249.65131429205397
257.54430055769046
264.6249548247483
272.1145313723615
279.6114605501716
289.5732806113158
297.480592440919
306.9305798055157
316.2835801899149
322.392567206116
331.03353118641894
337.25470172556555
348.85082293725503
354.8649907975567
360.0688364396449
365.26727546791034
372.21337225810424
379.11299066867906
387.6548447494886
402.26132454879394
411.9670250772505
421.43253279469263
429.1446117659519
443.8480010442766
454.02580344183116
466.55655361354616
481.1251738373291
495.3492545101388
511.77524738013665
526.8751090417444
545.2392116857976
565.7202732603364
595.5712983136456
624.010950583201
654.224081610422
688.3845457816434