0.17073357813400022
0.2930542403424766
0.415954741865735
0.5562473802649539
0.6859518849550134
0.8224724414059983
0.9647244374211416
1.11666010930604
1.2703027874472792
1.423870171504623
1.577380524220334
1.7421219055420574
1.91045337833477
2.086363083633597
2.2616797774441593
2.4288459276611634
2.5906757670493743
2.767320235883002
2.953589747245447
3.139982750393485
3.3235429250600776
3.5092023036207
3.7057995553127343
3.89660993251991
4.095765842201763
4.290532828199106
4.51299640356614
4.719241042664306
4.944149383001858
5.142108150502334
5.344040984446304
5.557106739892932
5.770343409812308
6.007651727483738
6.266905105258244
6.499475491780399
6.767745929327348
7.060736091446284
7.32683153031874
7.595660914495482
7.8538761587753
8.120839465596672
8.384891682632047
8.632659789018733
8.901795616980218
9.196561417550734
9.47289821491513
9.706473788132543
9.96244310362921
10.251577987986725
10.526017681511712
10.77397548302245
11.066015818286731
11.3715599400221
11.671136409896315
11.978373273367275
12.309242290222473
12.622487487163557
12.903665574322096
13.153884509398267
13.439151587571914
13.726098016874522
13.995946259069125
14.356927272641071
14.69240526445117
15.007498876243693
15.324103351685089
15.68217088987085
16.024067036736476
16.330014652391725
16.7151259952945
17.04959386040286
17.432717882985468
17.78278807408311
18.172192792411856
18.583399935044923
19.012536790836734
19.429148720880875
19.88719173759454
20.298449065162714
20.766289487468896
21.280756073705394
21.761366581207884
22.294264650689428
22.83046393077851
23.451161461025176
24.128198433124286
24.95364759926549
25.791664370368704
26.720647775010534
27.779577428932587
28.941255066706507
30.29936141979505
31.864831723265116
33.94286663601931