11.473
23.0155
34.275
45.931
57.978
70.239
82.9645
95.943
109.021
122.196
135.935
149.996
163.999
178.669
193.6065
208.6925
224.2995
239.909
255.468
270.9255
286.8685
303.368
320.8485
338.1305
354.726
371.971
390.896
408.64
427.287
446.757
464.866
484.245
503.904
524.0245
544.982
564.8855
587.688
609.877
632.2905
654.3075
676.103
698.9575
721.999
743.9735
769.1315
791.571
815.6285
838.974
863.371
885.091
910.1355
935.2745
960.7435
982.848
1006.8795
1029.6215
1053.2055
1079.3015
1105.7345
1131.2335
1157.163
1185.0485
1212.1225
1242.64
1270.23
1299.4995
1329.225
1357.7005
1387.413
1415.864
1445.633
1477.6055
1508.292
1541.321
1576.346
1612.3455
1650.837
1688.836
1727.8395
1769.9005
1809.2065
1854.4005
1898.7845
1945.5065
1996.655
2052.6255
2110.745
2177.101
2247.185
2324.175
2412.811
2515.1065
2636.969
2779.3045
2948.5205