0.1620541751101482
0.27338965771355506
0.3811289793472335
0.4908290708756982
0.5984995528470763
0.7237547357756017
0.842911502034018
0.9678887277927533
1.0916941245178167
1.2100277703023314
1.3326855757062226
1.4638310727007346
1.5869008841238794
1.712264246619152
1.834785069805996
1.9533921181449818
2.0716163261108345
2.1870444738202086
2.314160733465304
2.4381299086495383
2.5809636935807156
2.715073023949604
2.852994813572099
2.9897389347938605
3.122701204795549
3.255833303527731
3.394064735298815
3.5478181563767146
3.678087915079471
3.8099091664039255
3.9469655771118175
4.102032286944482
4.245948649077327
4.390747148120982
4.545123797816369
4.695920048684817
4.845481983902195
4.999511146626232
5.1575335592849605
5.310043570864825
5.468152030921708
5.622252773987335
5.7817097691076595
5.931567185509152
6.096269934195599
6.262602513579799
6.434769059493672
6.6117048949137605
6.79974030222755
6.988714411340927
7.177837496649132
7.3527235676949605
7.544083906909881
7.738220188237206
7.924347063622398
8.10598893727396
8.296605187949801
8.493097718741806
8.694271859264916
8.895624583136751
9.109368673626173
9.321125181379823
9.526702200424257
9.75664703731103
10.004333888894523
10.24617220813645
10.484251471364779
10.729468061650714
10.978130672300894
11.232726270894554
11.499580504268033
11.789078081596802
12.059825610165277
12.330934302168593
12.627896287436196
12.931658646320718
13.257248068943493
13.593108536241948
13.93824652632309
14.284293799083152
14.69965049273678
15.10405944252475
15.578167161999824
16.0597418816828
16.591784422259842
17.138206451032502
17.727836089646736
18.409804552230597
19.132245175368492
19.89867476132925
20.81799846428156
21.855929492626633
23.040311447729366
24.41491249584949
26.081290369949368