SNAKING 20 RUNS
11.5
23.3
34.3
47.8
59.65
72.25
86.85
98.7
111.1
124.2
136.05
147.4
159.55
171.95
185.2
196.2
208.1
223.65
240.85
253.6
271.15
284.15
300.3
316.05
335
350.15
367.2
384.95
399.05
417.95
433.6
445.5
471.7
492.4
514.65
536.85
565.2
582.3
596
610.65
623.75
638.15
656.95
678.1
693.95
707.5
725.6
743.05
760.35
775.6
792.7
811.8
830.85
850.1
875.1
898.2
932.65
972.25
1051.1
1070.55
1087.8
1106.5
1121.6
1143.8
1163.45
1184.8
1210.1
1264.8
1306.15
1350.55
1378
1398.85
1454
1470.05
1496.7
1519.8
1541.4
1581.3
1614.4
1648.3
1683.9
1745.5
1768.6
1805.65
1828.65
1873.65
1908.95
1984.05
2054.85
2133.5
2223.35
2297.95
2406.45
2616.4
2857.95
jsbin.html:63:2
0.1560161444090217
0.24418959651415237
0.3725351753062438
0.5115942635002321
0.6337594588735658
0.865098379756942
1.0102781610938252
1.2129286751686925
1.3633870971020754
1.5611855346384156
1.6859157867051828
1.7832099300586166
1.9227654653989916
2.0653747357044643
2.2878024695844004
2.2878024695844004
2.3938611102246035
2.5445029534399572
2.7702565114426485
2.8862462547948917
3.1340093528376363
3.400337114783862
3.5219934110463003
3.772710957595396
3.9831159941281564
4.164798794578015
4.2957627335518165
4.5210499682548875
4.598682434227747
4.906311112871145
5.0573006756289995
5.259480771996038
5.542344007943348
5.648768498405506
5.995333986875365
6.168372802642548
6.557774366136776
6.699983208924221
6.790484036205361
7.03774674614178
7.234162893025987
7.319685447218985
7.430674769943034
7.663547310297574
7.764761814451084
7.943939725429388
8.156180264658232
8.435770948713907
8.569006549610828
8.773819721533389
8.891693749257346
9.07119934781271
9.375348769625218
9.652859594137631
9.94706006313988
10.118561519318284
10.666207528363476
11.107291035640186
12.16448182105468
12.378552852753332
12.545684972442142
12.65770237660571
12.886534159640567
13.147693661617373
13.250433250424745
13.51522044924117
13.681238931389695
14.330184169956217
14.677460604946527
15.287690934537526
15.524451422104136
15.83590514424481
16.421806905230433
16.676632675215462
17.003681716642625
17.152341493213758
17.601500226313625
17.96345510471084
18.37736205749228
18.65196885535455
18.977655866671803
19.724190335947856
19.98824060782838
20.473384952473786
20.66056173437503
21.277189868584106
21.94814282602872
22.5571313455999
23.310509312132567
24.331427631271985
25.317508036294534
26.001955448745257
27.584665840509082
29.85716197258275
32.33518770805365
