10.894
22.0175
32.793
43.9245
54.9535
65.981
77.095
88.1625
99.2785
110.6115
121.9325
133.312
144.7455
156.267
167.7775
179.4365
191.1345
202.7655
214.545
226.431
238.403
250.6225
263.1195
275.8165
289.0375
302.54
316.3
330.408
344.617
359.3145
374.1115
389.155
404.5785
420.5165
436.2345
451.961
468.1665
484.655
501.008
517.906
534.767
552.2785
570.1325
588.804
607.6035
626.8675
646.7675
667.289
688.5725
710.305
731.747
753.977
776.2885
799.222
822.744
846.4395
871.294
896.011
922.2275
949.2905
977.441
1006.0865
1035.577
1067.5035
1098.6625
1131.191
1164.929
1200.2625
1236.713
1274.6105
1314.9665
1356.892
1400.1565
1445.605
1493.6015
1544.5155
1598.1985
1653.558
1712.645
1776.805
1844.5285
1918.053
1996.6495
2080.2475
2175.2145
2279.055
2391.289
2516.9435
2664.5375
2836.262
3038.1645
3287.997
3596.6725
4022.5375
4630.8465