0.1444150142135903
0.1982152174848972
0.2572974653078509
0.3191670237776875
0.39566147010040525
0.4744596330284218
0.5424509643817768
0.6079154578402097
0.6718789531010334
0.7357876987160076
0.8079172158410947
0.8760710486645634
0.9468427999633046
1.0147281198028035
1.0825682396971041
1.154013784585664
1.2316319087124694
1.3049872886484486
1.3823722784314816
1.4504400986247958
1.5347400059374439
1.6130695424122636
1.688962945029223
1.7708719632605716
1.8524953820256025
1.9378301530201159
2.0194895434657307
2.104632933689892
2.1907694770951647
2.2823020414335513
2.3684458219336815
2.461471628320667
2.5558104070106813
2.6511174496373138
2.751429981801836
2.843877407875433
2.9487650213428007
3.0479161287652774
3.148059011324096
3.255943672979359
3.3588670536493814
3.4725264249799177
3.5784191546505006
3.698786531510739
3.8104603560402213
3.92494275405242
4.049220454815296
4.177441856518642
4.30036641210114
4.4321753625140206
4.560500073632508
4.698275849846525
4.8312418518526075
4.9724260564296925
5.12265104816165
5.27065575804391
5.4282104069417
5.584738916990365
5.748144759820009
5.913386466703824
6.088279780397818
6.2708051127545215
6.448468878877076
6.632536813022577
6.829145821803962
7.036942273926445
7.238738942260706
7.462436823253529
7.696948294256289
7.939798122107804
8.181488948310395
8.442265230883308
8.717191578398465
9.002529583710153
9.296437753255626
9.60489102633607
9.935845066926976
10.285035848341536
10.657407430820637
11.052893414587892
11.476961055097949
11.939442616305753
12.42663499230644
12.978426847046538
13.576289905153205
14.220736767576616
14.962777079673018
15.789140971198535
16.74494377954729
17.870973957038277
19.24684079558349
20.91487992231254
23.131615807072478
26.27036567681767