0.1529436996628865
0.22258349659271587
0.3095568924051407
0.38028069488395505
0.44769597851048604
0.5184480111023595
0.5855692495884551
0.6550765131591169
0.7264524380605721
0.8012303212393372
0.8742807993092674
0.9463524760183774
1.0174514576473195
1.0862518228150173
1.1652266451334026
1.2346053889543642
1.3046480267381722
1.3790557161075494
1.4520494003601434
1.530650086974597
1.6093043491963914
1.6903574435830884
1.7662157722274991
1.8512190917642037
1.9368314630319627
2.0154432997860603
2.103908580972799
2.1934615933371076
2.288724073614014
2.3843866094278616
2.4731026861459986
2.5672542870806447
2.665526186456466
2.7682383452759782
2.8612101683523448
2.9672209040102873
3.071862762545893
3.1806237249693434
3.2895338965759198
3.3933397343954903
3.504023584290759
3.6182624700148613
3.7311804264687223
3.848568342076125
3.967494079415029
4.096514827255292
4.225064031777809
4.359857621779583
4.500234243386031
4.633146551593027
4.774491895489499
4.91997938375713
5.057207294711184
5.207897150471464
5.356514536249361
5.510551574694967
5.6682742430574455
5.834114750891793
6.004107558606491
6.1784725042432616
6.353545695062378
6.5438410796389315
6.744617242526207
6.938747824992157
7.1411587764360105
7.353449859676553
7.575010041514553
7.800892929554271
8.037533615370274
8.294502231766065
8.555162793740044
8.825526933274405
9.116224419707308
9.40939203594315
9.732993230852752
10.06803851660856
10.406153849330414
10.773690480485632
11.18071680676337
11.604891313728627
12.063535865466115
12.561658660829554
13.083808104050048
13.679554989895388
14.333215515970869
15.038651332012657
15.827585182307951
16.75803365390233
17.83275790938522
19.108711141876753
20.6825168796238
22.62095718841553
25.299954826816347
29.111881427556007