0.2721609835980195
0.37307250283835547
0.4932511381548858
0.603567547178976
0.7212324767674345
0.846228874634205
0.9670558760124157
1.093916617824736
1.21707077450557
1.3361829539224703
1.4599952498722504
1.5851565177977875
1.7132884321862778
1.8324592807291251
1.9680159001785842
2.09606779593544
2.221865279358531
2.353947154901127
2.487226862969614
2.6127110433246283
2.7376696289120592
2.864603668400029
2.9883920392640455
3.1117824322270184
3.2491027004431112
3.388624908635372
3.52541113706806
3.6629457815248485
3.8028402946908786
3.9333079696530264
4.070886080267168
4.210549973270632
4.353093650294736
4.519839937942345
4.689025340777029
4.855910734345106
5.001836427087584
5.145448536999838
5.309764190248044
5.475246155582413
5.643320325529887
5.810429907480936
5.966800717221331
6.1151375256052125
6.2802918583553735
6.450480706888039
6.638055260725107
6.801190897647951
6.9615258401203715
7.130193798817516
7.307968347734578
7.479794854645064
7.662276296221779
7.854203863454744
8.04369748122813
8.222584353598895
8.413155733115987
8.614634249513065
8.811084903796669
9.027315069708884
9.2256854163495
9.443907010463455
9.668595769088798
9.906893412821388
10.153547282518801
10.404190332518974
10.643814334265894
10.897082425446825
11.17723568882168
11.440976889959458
11.727999343239354
12.015793200543294
12.306451038448177
12.606379604037901
12.928193397627837
13.295548342928434
13.648918590298042
13.98865838940237
14.350552630271396
14.769515842890144
15.178701874784233
15.594246168097232
16.098636435861362
16.665858563596924
17.178159573159597
17.77414835286958
18.447787335890535
19.199339530619767
20.022378217909882
20.938135339647566
21.94322318490276
23.10147670503613
24.470723230468163
26.252619329040435