0.3117828427455368
0.42117282185101346
0.5426958071951494
0.6814217506412705
0.8140828176106394
0.9590939858342602
1.1068208355256648
1.257381187427545
1.4002230545960739
1.5607167729995965
1.727620381482224
1.8872340974496995
2.0560242860484053
2.234091908407341
2.4151467078208855
2.5997191559936867
2.7877478804854756
2.962443897244303
3.139874709034477
3.3341788615907824
3.5323651266842466
3.735479323200337
3.941917611941314
4.141858441988975
4.350609882631135
4.585973064804666
4.791989523527437
5.015779125514728
5.25413927966445
5.464281376900483
5.697250732146028
5.943357782931839
6.184456756266183
6.440901186101565
6.671576350166757
6.957200826987362
7.2242229701351715
7.487841134839738
7.763737343557148
8.020398058477873
8.290067236264774
8.562148681930463
8.82050721725506
9.122712359512606
9.364456527478277
9.642511609938564
9.902141065232069
10.183498905902294
10.409650840880577
10.70902525398481
11.010245270627896
11.308166498550733
11.54944286637341
11.812096697353844
12.056158754924022
12.316054066849087
12.604634988539297
12.902599304158924
13.181806943679401
13.466217034666647
13.780456870366878
14.07458129304404
14.422124360002117
14.735163727784977
15.064681915456337
15.393795925420939
15.704491678547601
16.02870246316595
16.339036449541258
16.655173496715463
16.996325128301592
17.340232220008613
17.694367569279407
18.085247980958783
18.48307506819264
18.913542157397185
19.324777752669608
19.75931026431342
20.239188932798147
20.6681684770288
21.18431861945713
21.67499723679349
22.20101291910147
22.773781251416054
23.398447991259047
24.08530790508961
24.840837036182773
25.63676407043065
26.512473900333102
27.508183456289633
28.661599172396507
30.036191266166522
31.708407626388013
33.65471101409581