11.397
22.748
33.946
45.611
57.2545
69.105
81.374
93.677
106.074
118.519
131.1265
143.9455
156.6365
169.4425
182.3865
195.689
209.211
222.4895
235.983
249.562
263.124
276.6345
290.321
303.7945
317.686
331.8585
345.9225
360.502
374.933
389.9845
403.9265
418.412
433.24
448.0255
463.775
481.0035
497.7085
513.6005
529.5795
545.478
562.1365
579.099
596.983
613.4665
630.1025
647.569
665.507
683.505
700.978
718.3185
737.0335
755.6245
773.844
792.407
812.2465
832.2325
851.5245
871.9215
893.097
913.673
936.8215
959.133
981.4585
1004.765
1028.787
1053.735
1080.0995
1105.8045
1131.877
1160.7585
1187.8085
1216.6905
1246.016
1276.3595
1307.641
1340.1465
1377.063
1413.3095
1448.956
1487.646
1527.1715
1568.877
1610.4335
1660.3505
1716.1325
1769.426
1828.51
1894.999
1968.783
2049.649
2140.2505
2238.666
2354.698
2489.9525
2664.829