0.22628807340636697
0.34521849377889485
0.493377241011151
0.6744633655399063
0.8715156848571829
1.0806202789327417
1.2892454107368982
1.4982569005452246
1.707003879097024
1.9205004501987533
2.1337832372751504
2.339832284290776
2.5431663300610614
2.7394181368897716
2.93486772326283
3.1226806950503896
3.301624044744255
3.4800965055970403
3.6470573827215222
3.8102707462865575
3.976101315995251
4.151927054734919
4.328809258219192
4.512753159573907
4.699157548452953
4.896265397212075
5.079681051143817
5.2626748365468
5.439659321675194
5.6099227839572485
5.779896667464868
5.9525493612419575
6.136463181305443
6.323441237375232
6.512382567585124
6.723831254739774
6.982105032715238
7.270042987109342
7.588645223213837
7.897821077446202
8.228125943661615
8.569568911011226
8.902471199949343
9.270580508521203
9.644169088243023
10.050442229190374
10.453310429436568
10.851062506313419
11.262893636914997
11.702319512907309
12.173639901588352
12.661499781883816
13.142180959262193
13.712574469348787
14.245086467610976
14.80683253938742
15.380681541631573
15.962043592787781
16.60448358916751
17.217843866787696
17.877948911111904
18.575089850819836
19.353259303303368
20.16454236894283
20.95404297207612
21.852281187294786
22.78916222345028
23.681347608240984
24.66020191223001
25.65856317443826
26.717201093863594
27.911242059488472
29.177798989644792
30.47864673837042
31.793191925481768
33.33547390187837
35.157197021166176
36.99446969436934
38.93964694338089
41.20354403012974
43.682381117045765
46.33216018955056
49.32431822438586
52.644436117390974
56.38392045152009
60.81524980023393
65.92964303228257
71.82463337817396
79.39901994658233
88.19485650027947
99.43373846201828
113.75008178167496
132.42147681202266
157.91949450117934
