0.34197778082958735
0.5253900299053159
0.7818889419561516
1.0963192756139388
1.41086725263411
1.7216227314894594
2.0131919332223345
2.297697290610348
2.5982775853688964
2.890718874336755
3.171372594588359
3.4570283150066867
3.7560958371918156
4.125079060131114
4.502638214359766
4.813070552077052
5.117432365956504
5.427106887721649
5.7515036844247485
6.059604664469192
6.3876808339193625
6.763081032257269
7.126284389353698
7.5690177036256365
8.183344212406354
8.787422406687641
9.399894213540065
9.999002178727936
10.659299884297733
11.419800869270865
12.130009134899494
12.902143187255689
13.724889239404867
14.5230003315155
15.334928377483491
16.16479556610699
16.98382331694545
17.77182773967618
18.60292610173761
19.37424167370219
20.236657539457514
21.12643661180606
22.06305828463224
22.940940304656053
23.78362042054908
24.67635687074757
25.54005547093487
26.500336632678806
27.446675591532536
28.43109575783329
29.384709949748608
30.241911391779453
31.328200703110376
32.29385717985513
33.277665260769595
34.26022347071455
35.339856894462564
36.30774139575962
37.37019652920607
38.30186726581272
39.491888366967835
40.705743100766284
42.092745876969396
43.23744734579136
44.46994237607432
45.78298024613066
47.06660874916336
48.27547714762656
49.5406791299558
51.06173968582427
52.588935777732324
54.064883928364
55.498496501244844
57.030710430492974
58.789270051495
60.612973615971676
62.67362115397574
64.85863639834564
67.20836336088381
69.76948815598408
72.46038711796812
75.49848701157958
78.72328488170977
82.57679562760983
87.14472532612957
92.21209342345927
98.15661820727783
104.91492737939625
113.79618557258384
124.82673669033994
138.63952847250178
157.64902090802423
183.96043072846757
220.83640195590613
