10.7745
21.647
32.2855
43.986
56.7515
70.3825
84.418
98.607
112.6835
127.026
141.653
156.2075
170.6325
184.975
199.2575
213.5755
227.7855
241.656
255.5505
269.1755
282.5675
296.202
310.67
325.3085
340.586
356.4205
372.842
388.729
404.748
420.677
436.4115
451.979
467.89
484.594
501.514
519.071
538.215
560.182
584.677
610.8775
637.477
665.16
694.3835
723.291
754.525
786.202
820.68
855.083
889.4965
925.5595
962.841
1002.1255
1043.0655
1083.613
1131.182
1176.0995
1223.4675
1271.947
1321.4405
1374.787
1426.794
1482.325
1541.19
1606.2615
1674.484
1740.5855
1815.7505
1894.13
1969.9535
2054.0205
2139.5005
2229.827
2330.302
2437.501
2548.5615
2662.01
2792.456
2944.232
3099.892
3265.1355
3456.087
3665.562
3889.785
4140.894
4421.15
4738.5755
5110.555
5541.2425
6040.192
6676.847
7419.001
8368.6175
9575.2945
11150.4785
13300.4375
