0.15484109125371162
0.2176210867660058
0.2735812904781744
0.3800109336913378
0.5206920950162289
0.6524007419285353
0.7668321315062605
0.8696279410867528
0.9522894441126367
1.0280921456164398
1.0854665367028664
1.1241788331186573
1.1521125634209375
1.173065584595206
1.1843429650912898
1.1917387186829407
1.1856794836481075
1.1766238520980652
1.161614485168217
1.1355121728540436
1.1061174391538715
1.0786072275936127
1.0878840697369774
1.140612094220516
1.180021861498653
1.2276234528770866
1.269002499351051
1.303889404221435
1.374243883016252
1.416576463108094
1.447856874344333
1.4982397046282827
1.5814548654175105
1.6462014375918241
1.713357201187843
1.8114478747391414
1.905184689116178
2.015566243593926
2.1329429801476305
2.262769569164621
2.4303347602578333
2.581499950865915
2.6739122154411112
2.808067496890041
3.0008565538585676
3.1819020515153316
3.362758991221777
3.5243898270261895
3.664331191993154
3.801329834051745
4.017398276200394
4.307731564938453
4.529982957735701
4.7671589644827295
5.107532815185245
5.29241094818166
5.518364012643017
5.813354299768884
6.122189499835595
6.4275583865728985
6.716187590973297
7.024771960187217
7.334680563552544
7.613147962973955
7.936704368876696
8.295685243883868
8.724333279786242
9.034332326158244
9.394229523392863
9.73055370012203
10.039478302428012
10.397955684956248
10.625920951776106
11.095834791166647
11.495990059226354
11.865469933945027
12.213367389745546
12.690908146873198
13.212650987501583
13.826816401673973
14.448928909808824
15.167693259697716
16.056320418635767
16.949444783055494
17.97538745796492
19.227585035172936
20.52384115147865
22.133661538269493
24.037682041779217
26.17186989701857
28.46264365627582
31.667554034037188
36.996119426933056
42.99587046184946
50.4491790778495