0.16040690478245204
0.2170092236455949
0.2929333853621906
0.41627240039095503
0.5644865794154315
0.6798052847136177
0.7638998415016433
0.8194753620635872
0.8603201393834138
0.9329105237757216
1.0035573206586088
1.0653542405250018
1.129154966263743
1.2172649547426158
1.3402886125850777
1.5105776000451423
1.6195675309181277
1.7505348730825343
1.8858126502981276
2.0378738520990116
2.2024611416212116
2.355587008303791
2.486605464222153
2.6447652292477133
2.8243322995531415
3.138255033986405
3.4172507436455564
3.7174399746351523
4.103587227561233
4.472626081298675
4.867349083769299
5.401067898569941
5.806478528188223
6.231102798072094
6.68694086663502
7.316387866160282
7.802426515311165
8.246321431332818
8.869998840372702
9.384660105441684
9.827181286635932
10.396457060062788
10.802449402340859
11.302530552430307
12.104012227240444
12.48750268986233
13.11075278635098
13.733307819418341
14.405755059128083
14.931788529993375
15.409146119902069
16.041104062387653
16.623863773241236
17.279732737515197
17.691884136844337
18.344219695639264
18.752975878166165
19.23618392971547
19.671311600333222
20.139729932476847
20.794986512613132
21.45349414354806
22.410164329332225
23.383347968108758
24.114636972630496
24.37774502096167
24.829597949615167
25.306860560483532
25.84369413947319
26.186651331349683
26.399380255846435
26.727952500921777
27.3174333658385
27.806993790519545
28.26046638132734
28.479675692517908
28.810485944495266
29.446808953965085
30.136146141355745
30.60395732973989
31.134643168958863
31.69150683978874
32.6434925471398
34.036982813802275
34.983745451522466
36.119198878150534
37.781693648712334
39.13120978582313
40.3284775467626
42.0278209716234
44.4960474459503
47.90665811442645
54.150225523287915
62.45530475759178
73.44178330034178