0.9213164494352646
1.270418828575856
1.8419421815029797
3.4674105612113335
7.371466339881073
10.963855058782917
14.192182038009475
16.52979053103823
18.811259387664578
23.038567577000045
26.9077487677806
30.36244831613562
34.38081952193693
39.90402434592284
47.26122342629293
57.98035529384075
65.36261712745295
73.78747348805216
82.04453297447657
91.23765998752931
101.25776007299406
110.71786986638622
118.51607178353498
128.18617377763513
139.81800002056218
159.9299321507703
178.84439939791233
198.9885941900942
224.58160759009183
249.2028629405168
275.2327663446888
309.3116122359455
336.5169219634431
364.46181177045145
394.10716972639557
434.7363770076642
466.1201967816353
494.586324913053
535.2199446947012
568.7797050684479
597.8255510422749
635.4858061276818
662.0429854577067
694.4129103782557
746.4711591722751
772.5415839472661
813.2895411461712
853.0501067040261
897.4057904079673
932.3258815445116
963.2206146048521
1004.0864696807738
1043.267786140739
1085.5663963291238
1113.3911285509682
1155.9451191016813
1183.3663111943615
1215.6465522460662
1243.9956955226974
1274.4892777492284
1316.1291831488284
1358.610467613785
1419.5538099451346
1482.29361349228
1529.4419808609114
1546.929153393183
1576.8676241812439
1609.1883987871045
1643.993354111871
1667.0379276548406
1681.4162296584987
1702.8287693863242
1742.2894271500936
1775.075904165156
1805.2431756093126
1819.6403694068242
1841.5096003113845
1883.5855951880726
1931.118084530048
1962.2251972741954
1997.0687192592407
2034.42983005061
2096.7691937833806
2191.0437397719256
2253.716206823743
2329.029847054295
2437.3919530331964
2524.9832386064954
2604.4651026542388
2718.73866234896
2885.03684352518
3111.4930295983286
3531.406815899262
4084.745105908536
4825.27544794191