0.9011098712143819
1.470074062760102
2.3119813472430812
3.300739273253799
6.431017882108575
9.990934640963285
13.316863594705762
16.400493620620107
18.7744818770053
21.2298067289837
23.23834150708697
24.57358915583969
25.561059832291722
26.326254837139313
26.762847265378902
27.351873354488877
27.756856049451976
27.688190799508746
27.315938456329864
26.77158118229101
26.068601343378536
25.476005259851853
28.47214033050555
35.41341804669509
41.08471900840998
46.51322671832175
51.250627303478026
55.59777642810915
62.81168440465524
67.29520409174786
71.19871498840418
76.1684164926645
82.75921947281752
87.52372272132864
92.45645322934483
99.48852669403651
105.3607631711161
112.94381390762393
120.71323642314464
130.4645880833187
142.46663058765714
154.80983892424268
162.21234672798482
172.57895445201297
187.5758211863938
202.42255111276518
217.25888389143043
230.91754567323383
243.09522614810822
254.3557197975893
272.7793334359295
296.1865315489548
315.0269691693077
334.57108004727405
362.34126151875114
377.5058148475993
396.4065984185306
420.2325723203758
445.41971881557964
469.8221337588836
493.63915464233594
517.7326192775573
543.3870301718653
565.6044658237328
591.3924201558128
619.2774939344636
653.560243457136
677.9205632513293
707.6169006600605
735.0900363894215
759.3804992187683
790.560368095948
807.8567386670413
846.1677896479819
879.3397205352426
909.3774248347055
936.6012609097594
972.9724666966436
1016.3970660837967
1065.444935963258
1118.5390177100442
1175.9402822588402
1248.7965712120613
1321.6258462589747
1405.0172799617087
1506.6159231528607
1614.2106936796547
1747.9292250428796
1903.918144594918
2077.558582830753
2268.376667619157
2533.8228045694113
2974.991523558298
3474.6331556717932
4095.07392662132