0.11352235131202483
0.23456705784809664
0.35654691992764154
0.5198395326339448
0.702794721961847
0.9030417322004128
1.114825497418243
1.3245485710152587
1.5272938450191165
1.7296649310369423
1.9359537765944785
2.1433904230307017
2.3480774935970703
2.548057556754031
2.742864529815854
2.9352357240059845
3.127091885590221
3.3073459319331806
3.482751191155905
3.65242249706621
3.8165614408011805
3.9770178333634223
4.159118875045975
4.35256751411222
4.5284536422170785
4.705547393927643
4.884648076527041
5.052618768638537
5.228969357250368
5.38837262622231
5.541583168883766
5.708967398105163
5.895148420745889
6.076790041425368
6.275969107490689
6.501290878690457
6.745068330023807
7.018998653536247
7.316211256890359
7.60965246371717
7.9338519086373775
8.246234456524856
8.556516916058357
8.879395757371276
9.248883697068683
9.59972786515307
9.965723226341424
10.367312635949682
10.76587225792966
11.196332840213667
11.683541534761213
12.224248772786588
12.717573839631076
13.241797325674577
13.823556476269069
14.340106843131938
14.930986482253365
15.531074167460366
16.151979832288045
16.788370508268592
17.480513891555102
18.164796252009058
18.891037848946784
19.66268933879098
20.429561864703665
21.259883409021366
22.100863327835686
22.98269077364117
23.940775803241465
24.899288560972337
26.005573172867727
27.076157131791465
28.135197048677334
29.515515565137296
30.780697524511975
32.18544605568917
33.724280932976434
35.39504817862482
37.136361616108985
39.1697294812026
41.50513641671789
43.98463781657738
46.83675073186108
49.86505298663634
53.214082696281935
57.07644981886943
61.5370082112184
66.75986582334318
72.76631800996327
79.83890460581155
88.4519734237947
99.54491117008148
114.2647565677011
133.2276148088914
159.2263730918671