10.8275
21.5735
32.059
45.076
60.957
77.574
94.7315
111.5155
128.3895
146.4365
164.1905
181.661
199.887
218.8555
241.477
265.1275
285.827
306.2505
327.133
348.976
370.0285
392.545
417.7565
442.6915
471.64
511.272
551.1035
591.5775
631.866
675.529
725.1035
772.813
824.361
878.644
931.5535
985.8535
1041.0045
1095.595
1148.25
1204.001
1256.033
1313.252
1372.8005
1435.03
1493.5705
1549.6965
1609.27
1666.793
1730.6205
1793.15
1858.568
1922.5695
1980.0775
2052.043
2116.9745
2182.955
2249.293
2321.3045
2385.3855
2455.5875
2517.5785
2596.5165
2676.806
2768.219
2844.411
2926.2955
3012.792
3098.723
3178.97
3264.3215
3365.0945
3465.4255
3563.3665
3658.919
3761.3055
3878.113
4000.0505
4136.0125
4281.7365
4437.377
4605.988
4784.479
4985.95
5200.1395
5455.588
5759.3255
6096.414
6492.0105
6941.661
7532.8365
8267.133
9185.2945
10447.1285
12193.7195
14643.541
