0.16863354236239833
0.3394950101149261
0.5219776372810818
0.782293215926012
1.098634989661963
1.4156537714073854
1.7283311720352457
2.021730145489406
2.311471220624149
2.6169627382830134
2.9154778295405475
3.194288018956749
3.479862017464069
3.783580296429398
4.136464034572234
4.525678473802744
4.82676031907127
5.129152557176937
5.429207021525309
5.750314139857569
6.069757751542783
6.393553467168424
6.716205364766224
7.065992222990608
7.506223548373583
8.133773680132215
8.729984490188286
9.28126887128383
9.912654986091145
10.53908171974869
11.212498122811752
12.006068197331253
12.686277441008237
13.445731157083593
14.20669627730748
15.062436608558851
15.822540594960001
16.581638790237744
17.383317808702834
18.190215989994503
19.056645958746945
19.900592001712702
20.702114228788265
21.572187939827074
22.519148766697093
23.272276510752395
24.19052210543044
25.059280711319644
25.978373252135313
26.903033827312942
27.763650992961562
28.743616980086486
29.684896832552035
30.70715335230596
31.61642920069818
32.66921427871722
33.625173272384515
34.62942192689142
35.690478642033206
36.77088727165769
37.913549736415945
39.05850203748827
40.355437891739435
41.64517353059225
42.857276294287246
44.030292887915
45.21124412127511
46.483704165675455
47.872219979031414
49.21306471841584
50.59329875701533
51.97914531581476
53.657436271235596
55.30100166488738
56.78872230951565
58.45227384347237
60.217287156083515
62.25363065910938
64.32164751182233
66.494009813255
68.83156767968758
71.57476916109103
74.5101048716395
78.18561206235073
81.84740364870939
86.06413172923452
91.24990564075084
97.25363857731625
104.08722551527853
112.9536221467282
123.1507735604189
136.96749079610478
156.07401675224315
182.54214604244885
219.63855553518317