1.0893841149934231
1.4839528294389996
2.166375775344614
2.7998171368859075
3.174334536560404
3.470321274752522
4.070852951163891
4.776344941479824
5.127807499311929
5.478404512264493
5.9401902116009735
6.697435311371058
7.178665335562058
7.787009631431064
8.366828789929892
8.84729133690079
9.356447923758237
10.07930151349786
10.997766636913145
11.820337463456799
12.77431680169237
13.762471834666917
14.4851512850227
15.086703781807325
15.918028269858048
16.69951190154968
17.50672709988936
18.7254887185889
19.77619576662811
20.93283296641907
22.002862336523425
23.18086590272248
24.41045877795009
25.791925092943334
26.861653332399325
27.56888011871355
28.644721463997403
29.860060444513515
31.150100545584166
32.111301188210994
33.665617104101905
35.55904019725506
36.651997162501466
38.31123562350862
39.83505636998648
41.20062347829206
42.58495212806985
43.93527006859072
45.33756023155634
46.89821122388357
48.9635415385775
50.78695225153799
51.749293241550625
53.40858349553935
55.26223039065647
56.39441796623139
58.00599311924583
60.75469483093468
62.994709775901065
64.46431721309087
66.38452756478726
69.05158410746274
71.32829396354572
73.41277926219651
74.49537883486471
76.37163237092687
79.74870237032074
81.23980107681206
84.06493290159699
87.43368394246004
90.86523999720684
93.9552363828116
98.06384320431256
102.57183530458056
106.53569400792381
109.96560803155685
114.27483131031076
118.92920257026869
124.04175748513073
129.05215773477016
134.71838719992914
142.03869182726234
148.56401595271996
157.14596846244595
166.75925368551523
176.32890283501453
192.39508722353077
208.80635525768872
226.78778079903233
248.02286803387716
277.7083262305073
310.76851761359273
370.58124331919475
453.27148324596817
579.4648700255696