0.14939317375926106
0.17867718854103862
0.19716161484676933
0.20411510613468925
0.1955221907676902
0.1680958491556078
0.1688237247860226
0.18371179107139868
0.1926078582938597
0.19967217795065556
0.19918725104107007
0.20126019307543694
0.20120497347207847
0.204214314888222
0.2072796921501974
0.21352651638616293
0.215534996436645
0.22338122272292743
0.22530759978208018
0.23087282730637435
0.2361434379980782
0.237778791464217
0.240613729655105
0.2419588699600191
0.25066265163862067
0.2534689087088386
0.2575446294393361
0.2664870756118017
0.26409094487695955
0.2714066832111586
0.2815426494846167
0.29088077189115763
0.2968890969240338
0.3013298179428831
0.30198425982792293
0.31313586998947335
0.32094023225626
0.3289387544617089
0.3265667196828644
0.33561887574665655
0.3501241976886295
0.35660195378925447
0.3592107876657001
0.36937294689730826
0.38096739829430204
0.3854657795894617
0.394155772107302
0.40437745003784664
0.4065142426501509
0.4172148044610812
0.4311988738213687
0.44282935976063464
0.4454385426276481
0.45130867193154417
0.4702417838675534
0.4689129786266738
0.48113024490343553
0.49808037010107153
0.5079234778571742
0.5176450032361682
0.5373124681401498
0.5495717902282652
0.562516885823533
0.579484034148782
0.5821261488527368
0.6012357175232469
0.6179192169618699
0.6211756352558067
0.6440097959616238
0.6609682717535348
0.6844690971069458
0.7039564826697725
0.7300513792371103
0.7513909683826736
0.7798453853208468
0.8000518775901639
0.8313361974532811
0.8613998338118652
0.8887527408467719
0.9186530692372986
0.9576847502950495
1.0052585109196475
1.043098503096979
1.1016617488920575
1.1600245862136898
1.2213323667337972
1.3266978516410572
1.4228936704184707
1.534607372471113
1.6624539651708345
1.8548478858483528
2.064110741786701
2.4431566029882097
2.957898976380941
3.749234643055767