0.15094312570212975
0.18202620109200274
0.1904118302096156
0.2192517315450739
0.2421371733424267
0.2621275868886668
0.2787182917857674
0.28907535414901864
0.2941153977617367
0.2989582146679539
0.2998198111269378
0.30640054355583946
0.30937232806505066
0.32097289524338807
0.3299023430382839
0.3426987678345302
0.35146384435861894
0.3636789009110985
0.37225089366365016
0.3807877654266517
0.3948559772914825
0.3954985581184215
0.40853560900828545
0.4182821097309149
0.4222732573911902
0.4281421045796402
0.43276172442564736
0.4396646638206735
0.4532479870679752
0.4592395581163418
0.4714923789381413
0.4858961849431574
0.49758863322518426
0.5103000528438235
0.515474395072734
0.5243665433160524
0.5398471192033802
0.5520513929430356
0.5608325164133808
0.5743037743242643
0.5852266391856001
0.5958888017042968
0.6084981016669532
0.6144434745480939
0.6174709475307921
0.6303999618726599
0.6448398657445911
0.6510663702329252
0.6656002048640721
0.6809254751611442
0.6894644192472568
0.7045393738058008
0.721657175273427
0.7293876955238822
0.7480018115725174
0.7633062259192391
0.7842059177550676
0.8086954197772004
0.8283712602155603
0.8436908830517904
0.86078766238284
0.8701709609227514
0.8926053927426076
0.9051255988297557
0.9200367316816387
0.9394818740046221
0.9626684821629157
0.9803236270809197
1.001823491116608
1.025753517157887
1.054682152588861
1.0825627738503656
1.1188880588632877
1.1502160200058467
1.18344993547377
1.2264550009267898
1.258540528494415
1.297166843311196
1.3468360850910208
1.3829477965165589
1.4246878780954084
1.4753845021069552
1.5330181686121565
1.6009069804169223
1.6757506401057711
1.764754089081134
1.8718651989009893
1.991435443146775
2.1275787315062136
2.301923690551838
2.550301486096281
2.8890790267377473
3.3149231217446116
3.9726488912480886
5.117639178265143