1.170939793499218
1.5760342635869513
2.3712646414940473
3.273529593573279
4.159607673807673
4.853275157046034
5.3288079107808
5.860578043162636
6.459135990982098
7.191512340947483
7.646382085666434
8.022514802105396
8.452142864386525
8.880302908685021
9.342104473832439
9.78719028884184
10.208096970052752
10.5545341441486
11.134069336949505
11.684775350857176
12.62370863692605
13.375432553753187
14.347299179636572
15.11061451430749
16.11700729043703
17.09623548474926
18.334563745832625
19.32271833231545
20.125154384500988
20.941934008109165
21.7550589461394
22.746095219839354
23.80102350215217
24.744705918640467
25.61741876145993
26.227637021851603
27.22780302833848
28.110356650174317
28.93311431560728
30.314112188055216
31.659301950611603
32.95175630751719
34.48348357909913
35.743162895160815
37.11219782968939
38.58570564017205
40.49540071415519
41.977836887457656
43.72981727608748
45.01203358825283
46.421831262348974
48.44649914080484
49.82518631174401
51.152307777851064
52.626142134874435
54.818204239102904
57.529901423086024
59.622830987802054
61.87847347018188
64.18485627466966
66.71711486567752
68.2313424882583
70.639186001822
72.44396054710157
74.00817860209776
76.1087699923603
78.37118937466754
81.41633674975803
85.03489504315273
88.51717636142713
91.87511566795442
95.8016583559491
100.23055999045401
104.37752587482618
109.75390977546098
114.47744860451768
119.45732556440404
124.74348839117809
131.17454477813124
136.57472975536135
142.65822540603835
149.78281279155505
158.37564246988885
166.52442611746173
176.40696877107771
190.6070125408559
204.61515210206178
223.87097271419552
243.12516991048054
269.30526744012985
308.06813604095737
359.44364870971094
427.2542373923869
532.6227716289926
709.3134470112634