0.0907791595751485
0.160850507814615
0.22835236783784504
0.3140382703598421
0.385838968459534
0.45498527017207707
0.5278332232186921
0.5991536974327613
0.6673487638758239
0.7386755252651509
0.8071888978955356
0.878120779664591
0.9465279745861466
1.0181696674322365
1.095715678881857
1.1702047602256702
1.2419580373967518
1.316941720116286
1.3890179153205269
1.462309365325423
1.5416019980249682
1.6195948328427356
1.6985228711028015
1.7812118271872206
1.8609877038312383
1.9455074390656026
2.0347466845896847
2.1186882326082705
2.2092753286814837
2.3028140265262693
2.3981723739565277
2.4888277998083326
2.5855043618665285
2.683234028210272
2.780540651952306
2.881366163077243
2.982183236106113
3.0878352683815606
3.1896190051304885
3.2849969594642765
3.3938386269176792
3.5014104226451064
3.615875845079268
3.7295842107103288
3.8493161939184657
3.969603026777542
4.097986098361767
4.222921130351909
4.345363368546482
4.4860534381028385
4.613929597783723
4.749674100738193
4.90196971287944
5.038152145835022
5.186172359169886
5.336350975451407
5.494870009859479
5.658261721485223
5.823827109325194
5.998430346740516
6.170965221433192
6.349000999250219
6.535937505486323
6.721971589946457
6.911982275108368
7.123546119430189
7.343536359332233
7.5593619157630725
7.782348104274646
8.022199663196862
8.270110252258615
8.528076677459707
8.798883736684433
9.094543599158795
9.392476218214522
9.695043832690118
10.022040870410871
10.383655644841086
10.777080318311407
11.168458411211398
11.593817118523319
12.039347608312273
12.546056534154847
13.078008854788523
13.66615756817028
14.33938922966608
15.057330055925975
15.865050363397273
16.789895988108775
17.872997564923285
19.155608427329874
20.69672551856951
22.649335786553358
25.29580514921275
29.18354859384283