0.08290535371578896
0.1392284442768826
0.20099374795762956
0.26546095017096394
0.3265556598246768
0.3987388262692621
0.4746736329854554
0.5414612768819131
0.6127135438283962
0.6754744311669383
0.7408153346094725
0.8113889825027312
0.8771371149432883
0.9477161033790357
1.0123272765288176
1.0850220884211694
1.1562663652585174
1.230118176123855
1.3038140997469434
1.3858255739990482
1.4623237059859533
1.5376242793917756
1.6127672908500112
1.6906360283487232
1.7735517841606705
1.8583346382727295
1.9391431472539573
2.022290959852753
2.1078729755682857
2.1982642174416536
2.2829260212459803
2.372260938160692
2.466066078541589
2.564522313885888
2.6542975769888644
2.7449382461115714
2.841746743411452
2.944145260988315
3.047306859213531
3.1483613889110096
3.254884651734364
3.3643165038310885
3.469414939724735
3.5843343160130128
3.6997196489324664
3.8185660498773424
3.9337299697850194
4.058934097340107
4.18779871339958
4.313551232111976
4.440223477585786
4.58138164601683
4.710992391589717
4.850390827634008
4.989721576085911
5.136069104683882
5.27722174932264
5.43708479258496
5.601069216671801
5.764419971957441
5.934805797895297
6.10499786855984
6.28745561823084
6.472213069951386
6.6537522488175584
6.848014929944634
7.058018555031033
7.256729243716618
7.48424484970717
7.710651274516134
7.944149729561802
8.192374590235731
8.454069348919358
8.726422439026582
8.998556987256038
9.300520422399881
9.613546755311695
9.92852950982525
10.278963300557683
10.643388861839126
11.028838045540327
11.466505881142155
11.91380563935083
12.412120585889017
12.9466288696528
13.536170069102814
14.196213922240492
14.933738309122576
15.758381535161737
16.721555441699557
17.850281163163082
19.186143418200032
20.910724661525165
23.150111448396384
26.282305670905465