10.9135
21.975
32.6675
43.506
54.4405
65.5025
76.7035
87.7655
98.899
109.9225
121.049
132.4165
143.7615
155.1825
166.6965
178.1895
189.9925
202.064
214.5395
227.262
239.866
252.844
265.844
279.0395
292.2705
305.7925
319.6505
333.524
347.7695
362.009
376.573
391.284
406.3115
422.035
437.6765
453.815
469.819
486.6365
503.3795
520.4105
537.952
555.6565
573.565
591.844
611.153
630.242
649.5935
669.688
690.524
711.4125
732.7085
754.5685
776.7455
798.9095
822.934
847.297
872.236
897.9545
924.25
951.3955
979.235
1007.7745
1037.5865
1067.56
1098.6255
1131.436
1164.5075
1199.0635
1235.5535
1273.982
1314.0055
1354.2595
1397.6475
1442.3605
1489.752
1538.596
1589.553
1644.243
1702.2795
1764.2595
1830.0505
1899.9915
1976.0245
2057.136
2148.0065
2245.531
2353.2195
2475.7775
2612.949
2770.3965
2956.6615
3183.5135
3460.666
3826.4545
4343.472